[gd_scene load_steps=10 format=2]

[ext_resource path="res://compiled_shaders/NumberExample.shader" type="Shader" id=1]
[ext_resource path="res://compiled_shaders/VectorExample.shader" type="Shader" id=2]
[ext_resource path="res://compiled_shaders/MatrixExample.shader" type="Shader" id=3]

[sub_resource type="CubeMesh" id=1]

[sub_resource type="ShaderMaterial" id=2]
shader = ExtResource( 2 )

[sub_resource type="SphereMesh" id=3]
radius = 2.0
height = 4.0

[sub_resource type="ShaderMaterial" id=4]
shader = ExtResource( 3 )

[sub_resource type="PrismMesh" id=5]

[sub_resource type="ShaderMaterial" id=6]
shader = ExtResource( 1 )

[node name="ShaderDebugger" type="Spatial"]

[node name="VectorExample" type="MeshInstance" parent="."]
transform = Transform( 0.597549, -0.324321, 0.733315, 0.477021, 0.878892, 0, -0.644504, 0.349806, 0.679889, 0, 2.36005, -4.29431 )
mesh = SubResource( 1 )
material/0 = SubResource( 2 )

[node name="MatrixExample" type="MeshInstance" parent="."]
transform = Transform( 0.597549, -0.324321, 0.733315, 0.477021, 0.878892, 0, -0.644504, 0.349806, 0.679889, 0, 2.36005, 2.55619 )
mesh = SubResource( 3 )
material/0 = SubResource( 4 )

[node name="NumberExample" type="MeshInstance" parent="."]
transform = Transform( 0.597549, -0.324321, 0.733315, 0.0613129, 0.930353, 0.361503, -0.799484, -0.171054, 0.575817, 4.44604, 0.460148, -0.997159 )
mesh = SubResource( 5 )
material/0 = SubResource( 6 )
